3485696              1       1.000000
1              1       1.000000
1              1     100.250000
2605056              1       1.000000
1              1       1.000000
1              1       1.000000
1          marki   10000.000000
1          masda   50000.000000
1          marki       2.000000
1             sd       3.000000
1              4       3.000000
1            asd       3.000000
1            asd       3.000000
1            asd       3.000000
1             da       3.000000
1            asd       3.000000
1              0       0.000000
1          marki  100000.000000
2          marki     400.000000
3            asd    3000.000000
1          marki    1999.000000
1          marki    1000.000000
1          marki   10000.000000
